-0.016033432320253796, 0.010222053629929131, -0.0014293613699766885, 0.005651863062339467, 0.0010664138328910428, -0.006914271866977447
-0.016520571570363036, -0.0013742987851382228, 0.005836243280245989, 0.005474730852652708, 0.003430025456525887, -0.006216472104683315
-0.0172521011226595, -0.0123058602079972, 0.012830477465201884, 0.005345955927329336, 0.005786713076305452, -0.005577073243303439
-0.018236858128732405, -0.022338775746744935, 0.019417838785658403, 0.005270924295260049, 0.008105782391118659, -0.005010872279529476
-0.019478918782496118, -0.03126339251124012, 0.025473937678221172, 0.005250470125744404, 0.010357071541675294, -0.0045284170046264935
-0.020978428505047914, -0.03890046489941014, 0.030889067714470277, 0.005280389807516853, 0.012511706024793609, -0.0041354897027180695
-0.022732181827457364, -0.045106699276851445, 0.03557134772859082, 0.0053512399427616385, 0.014542761923603372, -0.00383280852935797
-0.024733886217054617, -0.049779430638449085, 0.039449329124791314, 0.005448452029622419, 0.016425814485983944, -0.0036159727575562845
-0.02697408215442927, -0.05286021801258085, 0.0424739787064786, 0.005552775950933477, 0.018139359017537476, -0.003475664447653164
-0.029439727342076866, -0.05433716397165604, 0.04461996598082766, 0.005641041891600967, 0.019665100786029694, -0.0033981036925864625
-0.03211348595467271, -0.05424580434594831, 0.045886205837475734, 0.005687208842113491, 0.020988120924822117, -0.003365739602635377
-0.0349727982566048, -0.052668468703799855, 0.04629563399862817, 0.005663649483414505, 0.02209693549140648, -0.0033581458851792323
-0.037988839573450006, -0.04973207444898404, 0.045894221318978246, 0.005542607253105598, 0.02298347261708812, -0.003353078766602885
-0.04112550104492786, -0.04560438382188586, 0.0447492594427927, 0.00529775201542446, 0.023642996323174997, -0.0033276464229839045
-0.044338532830391054, -0.04048881977385621, 0.0429469728206912, 0.004905755588506715, 0.02407400513731944, -0.003259533486407621
-0.04757498945297356, -0.034617998262407246, 0.04058953253905832, 0.004347807366530022, 0.024278129704629784, -0.0031282219474681305
-0.05077311323990105, -0.02824618374149065, 0.03779156710451892, 0.00361099343643195, 0.024260046215879728, -0.002916150631954104
-0.05386278120643973, -0.021640907079692094, 0.03467628287832008, 0.0026894687970851583, 0.024027412361756196, -0.0026097584733717058
-0.05676661347765874, -0.01507400607271158, 0.031371320943326106, 0.0015853599519125143, 0.023590821726249215, -0.0022003612995716367
-0.05940179449835384, -0.008812368198033639, 0.028004488106230185, 0.0003093443577990476, 0.02296376310930783, -0.001684818005275841
-0.06168259810096192, -0.00310867457968947, 0.024699506908557982, -0.0011191345538178645, 0.0221625643138243, -0.0010659504635632674
-0.06352354244308205, 0.0018075449591471791, 0.021571930469419645, -0.002672042676303019, 0.021206296389157164, -0.0003526923197269355
-0.06484303824867337, 0.005738237765845283, 0.018725361620750888, -0.004313329936180314, 0.020116615064731298, 0.00044004611400597874
-0.06556734157031922, 0.008524238257515653, 0.016248103981186663, -0.005999896547218911, 0.018917520524577864, 0.0012917975108761538
-0.065634586633712, 0.01005148322581607, 0.014210357203953094, -0.007682925850970232, 0.017635022809045622, 0.0021772308747141566
-0.06499865632074116, 0.010255781771462875, 0.012662049814466645, -0.009309542112722394, 0.016296706868480428, 0.0030670969688868454
-0.06363264670758714, 0.009125926039090935, 0.011631381704464925, -0.01082473691381043, 0.014931198940255913, 0.003929393983380821
-0.06153169886500707, 0.006704970370031779, 0.011124127404540317, -0.012173495600164563, 0.013567544309336812, 0.004730711524926062
-0.05871500566855737, 0.003089550877705079, 0.011123732685083319, -0.013303044769342685, 0.012234514212950314, 0.00543770090398322
-0.05522684970182331, -0.0015728306524747813, 0.01159221864959312, -0.014165132412896382, 0.0109598652924213, 0.00601860972636682
-0.051136585715402146, -0.007088569281273294, 0.012471884917690251, -0.014718244865109026, 0.009769577991730215, 0.006444809926895736
-0.046537542704955574, -0.013224696602422113, 0.013687774579072116, -0.01492966051385971, 0.00868710032466641, 0.006692242506967319
-0.04154487822249777, -0.01971743830006423, 0.015150829032805499, -0.01477724006672202, 0.0077326206021511, 0.006742701460624139
-0.03629246065242931, -0.026282335677154614, 0.016761622654458123, -0.014250857287873328, 0.006922388610267341, 0.006584884788601766
-0.030928878858656923, -0.0326255819370548, 0.018414528962697158, -0.013353383215643671, 0.00626810231367151, 0.006215151801812167
-0.025612688541026406, -0.03845613370905984, 0.020002136527325014, -0.012101151828677863, 0.005776378827194417, 0.005637941762527142
-0.02050701485433884, -0.0434980809358382, 0.021419709433711603, -0.010523855848454224, 0.005448333821104505, 0.004865827447691168
-0.015773654012806233, -0.047502699784208575, 0.022569478084299287, -0.008663847182294404, 0.005279299674632629, 0.003919196972637355
-0.011566854264943055, -0.050259581858103045, 0.023364553334688624, -0.006574847355847874, 0.005258716203186658, 0.0028255775908866887
-0.008026999841248933, -0.051606244555792546, 0.02373227845576936, -0.00432010814855221, 0.005370226817719924, 0.0016186354198331225
-0.005274460132673992, -0.051435694082560435, 0.02361686605595893, -0.0019700975088683893, 0.0055920071384545815, 0.0003369031360094647
-0.0034038941599063345, -0.04970152639691353, 0.022981209457492036, 0.00040018434715647397, 0.005897342926264362, -0.0009776986604731037
-0.0024793127115540514, -0.04642028945009255, 0.021807807972615927, 0.0027141314775049586, 0.006255460766197176, -0.0022814724707738475
-0.0025301927215668485, -0.04167097550921034, 0.0200987975591811, 0.0048965597172124665, 0.00663259902155147, -0.0035306101038586946
-0.0035489072441029818, -0.03559166098766284, 0.017875126669264434, 0.006876687146808435, 0.006993288823745489, -0.004682837832664558
-0.005489679695603111, -0.028373460515193072, 0.015174960136560734, 0.008590922356980446, 0.0073017969225891615, -0.005698969066529875
-0.008269196672179017, -0.02025210229216613, 0.01205143300419967, 0.009985327302941632, 0.007523666607225777, -0.006544301203236105
-0.011768925945166455, -0.01149755063716967, 0.008569909978827693, 0.011017641044666246, 0.007627281599755147, -0.0071898036069347
-0.015839091917560694, -0.00240219223013401, 0.0048049282402375815, 0.011658775240130674, 0.0075853718342599255, -0.007613054768537709
-0.02030416614842461, 0.006731833623102613, 0.0008370040231045059, 0.011893719738317437, 0.007376379960364914, -0.007798897857123649
-0.02496964105947058, 0.015605537951466086, -0.0032505352871234454, 0.011721825989298386, 0.006985613527637185, -0.007739795276229716
-0.029629775919078342, 0.023935573422729343, -0.007374565023030323, 0.01115646676382005, 0.006406119525050971, -0.007435875391676214
-0.034075943342512606, 0.03146567664494046, -0.011454929046541952, 0.010224102011561022, 0.005639233172591635, -0.006894679085148812
-0.03810517201604801, 0.03797648084414455, -0.015416885817592792, 0.008962812029906859, 0.004694768473580045, -0.006130629825760987
-0.04152848129332294, 0.043293240425394765, -0.01919316912491891, 0.007420389014187531, 0.0035908324908504887, -0.005164266046338537
-0.04417862693122026, 0.04729118291252527, -0.022725598955271032, 0.005652100928968175, 0.0023532604866307034, -0.0040212851151926006
-0.04591691247145419, 0.04989838018874963, -0.02596619016050911, 0.0037182515373029006, 0.0010146874134311591, -0.0027314526449671445
-0.046638765398498316, 0.05109616703439675, -0.02887773293762452, 0.0016816593371819517, -0.0003867086635755705, -0.0013274314564692463
-0.04627783359231657, 0.050917235597225774, -0.03143385008977938, -0.00039482706765528236, -0.0018087378199504393, 0.00015641620600960324
-0.04480842376352851, 0.049441627834232345, -0.033618564775572894, -0.0024506675369815774, -0.0032069366993628385, 0.0016852016493478432
-0.04224617875673646, 0.0467909370521142, -0.03542543933211755, -0.004429726834838019, -0.0045364350185558185, 0.00322461080464559
-0.038646976815597735, 0.04312109617392543, -0.03685637052182954, -0.006282051528868367, -0.00575386261467236, 0.004741893103184969
-0.03410412727801561, 0.03861416932298691, -0.037920144885659014, -0.00796527038065389, -0.006819206491626006, 0.006206706204196375
-0.028744021815082618, 0.03346958362466747, -0.0386308649714741, -0.009445582901839633, -0.007697529873740281, 0.0075917942778428536
-0.022720473546121, 0.027895239544829455, -0.039006351607509815, -0.010698324296030633, -0.008360471880517006, 0.008873488363846736
-0.016208039091149876, 0.022098912271074408, -0.03906661210789935, -0.011708118078229936, -0.008787457012956305, 0.010032028305095258
-0.009394665689238028, 0.0162803061370458, -0.03883244548323499, -0.012468646351992487, -0.00896655892265639, 0.01105171540434792
-0.0024740272917255003, 0.01062406226326713, -0.038324239907840826, -0.01298208100343622, -0.00889498201101639, 0.01192091246671276
0.004362092683179263, 0.0052939539529796905, -0.03756100747980004, -0.01325822872675104, -0.008579145019565557, 0.012631913419326634
0.010931042173484036, 0.00042843304983089726, -0.03655969289130509, -0.01331345025218892, -0.00803437115784417, 0.01318070850527566
0.01706587699184036, -0.003862387639103106, -0.03533477959957945, -0.013169419536555906, -0.007284208350728896, 0.013566672960197517
0.02262103579675941, -0.007498312389285017, -0.03389819685214483, -0.01285179167705059, -0.006359419604803879, 0.013792206746874914
0.02747693086563119, -0.010429277462787559, -0.032259506653456914, -0.012388847907206058, -0.005296696451167748, 0.01386235019800293
0.03154332668509503, -0.012634347506122778, -0.030426327947215902, -0.01181018069684414, -0.0041371583666236405, 0.01378439561243191
0.03476143372020138, -0.014119681407637056, -0.02840494175382681, -0.011145471936960962, -0.0029247085897230215, 0.013567508945213413
0.037104702767558784, -0.014915668676673686, -0.026201017693469556, -0.010423405623459104, -0.001704320969462607, 0.01322237018380001
0.0385783622004899, -0.015073430880731594, -0.02382040677696494, -0.009670746826793893, -0.0005203320637822101, 0.012760837004780711
0.03921778824096966, -0.014660874573872572, -0.021269952257168625, -0.008911611453383534, 0.0005851921159778313, 0.012195634071901053
0.03908583380913445, -0.01375848236337846, -0.018558274592474003, -0.008166943952659949, 0.0015739528664204722, 0.011540069124627048
0.03826926672290901, -0.01245503394776417, -0.015696486941459982, -0.0074542103795508545, 0.0024127260749376694, 0.010807775949744193
0.03687448499356051, -0.010843450225823519, -0.012698796990064761, -0.006787301800774382, 0.0030744364993895903, 0.010012483270141205
0.035022687229838964, -0.00901694478572676, -0.009582952647133733, -0.0061766295307647285, 0.003538965100575146, 0.00916780792570292
0.03284468397933592, -0.00706564607901093, -0.006370494765929813, -0.005629381437771866, 0.003793665323036966, 0.00828707056129625
0.03047554523269029, -0.005073820501850928, -0.0030867904975330042, -0.0051498994067426425, 0.003833575200619382, 0.007383131935782302
0.028049289676974946, -0.003117783851407617, 0.00023916304867875314, -0.004740132486361805, 0.0036613248453318454, 0.00646824740516989
0.02569382755153763, -0.00126453906596786, 0.0035751554016425087, -0.004400117808541321, 0.0032867527849689613, 0.005553935907998129
0.023526363834890263, 0.0004288781410563853, 0.0068863725665418655, -0.004128442288417504, 0.0027262585089814534, 0.004650858556319402
0.02164944674851974, 0.0019154244919326342, 0.010136163063225923, -0.003922644159266917, 0.0020019308335620743, 0.003768702449910599
0.020147810376262325, 0.003157573931033442, 0.013286919860567242, -0.003779525368473064, 0.0011405008628649757, 0.002916068770714215
0.01908611750972542, 0.004126493203388492, 0.01630103588346919, -0.003695360777714892, 0.00017217407227878873, 0.0021003692867727127
0.018507665283285023, 0.004801014783192881, 0.019141887747952432, -0.003666003317306783, -0.0008706006651489303, 0.0013277392708517985
0.018434070923937982, 0.005166538654102833, 0.02177480266461737, -0.003686893974462275, -0.0019543655507798263, 0.0006029759755251982
0.018865904611192082, 0.005213980445647576, 0.024167970683909044, -0.0037529931783788226, -0.003045833018339098, -7.048905604724185e-05
0.01978418233482912, 0.004938866970349033, 0.02629327499329462, -0.003858657035490147, -0.004112956227604638, -0.0006905769692367242
0.021152582256108086, 0.004340653194728058, 0.02812702040753875, -0.00399748730019084, -0.005125848451118149, -0.0012565026151951102
0.022920212415349358, 0.0034222958182187607, 0.0296505429539019, -0.004162186174867897, -0.006057523387902755, -0.0017686672374863037
0.02502473765506513, 0.002190076054661753, 0.030850684713827636, -0.004344444675819803, -0.006884444100350131, -0.002228505592209582
0.027395666495259954, 0.0006536316517052011, 0.03172012163254375, -0.004534886978088057, -0.007586883827680144, -0.0026382970484268207
0.029957603535947716, -0.0011738548906954983, 0.032257540077068006, -0.004723085642778575, -0.008149116436766793, -0.0030009564674467947
0.03263329181208055, -0.0032753630935088637, 0.03246766906690152, -0.004897656607080913, -0.008559466291345984, -0.0033198242168404743
0.035346304120980915, -0.0056296852380638375, 0.03236118321703671, -0.005046438206908834, -0.008810255155178538, -0.003598474974914534
0.03802329211181528, -0.008211075262182442, 0.031954490628035216, -0.005156753055273019, -0.008897685885732897, -0.003840562995893006
0.04059576196371042, -0.010988955062497842, 0.03126941093141947, -0.005215744209426619, -0.008821698310347048, -0.004049718150405469
0.04300140453581802, -0.013927730859642844, 0.030332738014111314, -0.005210769600936071, -0.008585822432812935, -0.004229502071882116
0.04518505160655802, -0.016986755238725147, 0.029175675722761425, -0.005129834005548421, -0.008197040444979034, -0.00438342653488765
0.04709934982460021, -0.02012045628348574, 0.027833134699327716, -0.0049620364030335705, -0.007665655375193503, -0.004515027506175689
0.048705243488767036, -0.02327865222738837, 0.0263428828981996, -0.004698010441292543, -0.007005153100189755, -0.004627980422104456
0.04997234492354807, -0.02640707188658645, 0.02474455040174532, -0.004330335502841904, -0.00623203617810823, -0.004726237328962714
0.050879249567201905, -0.029448097088900678, 0.02307850134830642, -0.0038538965114106377, -0.005365602011724946, -0.0048141650582739556
0.05141381810961315, -0.032341731261748226, 0.02138460075609481, -0.0032661733087574678, -0.004427635278042843, -0.004896664533813728
0.0515734024493216, -0.03502678208162059, 0.019700917596555297, -0.002567444663513675, -0.0034419876209554707, -0.004979253314081951
0.05136495011771359, -0.03744222701491355, 0.01806241427005419, -0.00176089669062831, -0.002434026958991286, -0.005068095883661016
0.050804897714117205, -0.03952870983851543, 0.016499677111604428, -0.0008526305548753806, -0.0014299523953371412, -0.005169968997062268
0.0499187601991673, -0.041230099323745925, 0.015037746218884736, 0.00014843009044641543, -0.00045598588263442936, -0.00529215284492124
0.04874033330001239, -0.04249503289232918, 0.013695108966836757, 0.001230725891899087, 0.00046253309562010775, -0.005442243080717752
0.047310446907814885, -0.043278366568404184, 0.012482928726851096, 0.002380331536589034, 0.001302109417535317, -0.005627883543217357
0.045675238249763585, -0.043542455131324376, 0.011404582202483249, 0.003581292161197257, 0.0020420587290664546, -0.005856424466623901
0.043883952727764554, -0.043258195488355376, 0.010455570208329159, 0.004816005553595903, 0.002665418946738384, -0.0061345158567637885
0.04198632298588841, -0.04240578660168105, 0.009623848497986967, 0.006065626093950012, 0.003159745121303912, -0.006467650339759686
0.04002962035437743, -0.04097519061148267, 0.008890600292028207, 0.007310465910564074, 0.0035177284313250416, -0.006859674063479595
0.03805551633934856, -0.03896631536679147, 0.008231440080087355, 0.008530371751434397, 0.00373758723780044, -0.007312288192125022
0.03609693160378596, -0.0363889688464155, 0.007617999132357005, 0.009705062468245401, 0.0038231897385696267, -0.007824567043564054
0.03417507989253768, -0.033262652921364946, 0.0070198034206247675, 0.010814420762320504, 0.003783882822370051, -0.008392521474848607
0.03229693059475512, -0.029616264074880487, 0.006406323768882769, 0.011838742345571297, 0.0036340188105137565, -0.009008737171333853
0.030453314819871166, -0.025487753421235677, 0.005749060989141516, 0.01275895399873446, 0.0033921898910465715, -0.009662116770178376
0.028617884725511963, -0.020923771990042993, 0.005023525272220693, 0.013556817208938922, 0.0030801985547416503, -0.010337752218148196
0.026747103100801885, -0.015979296772423327, 0.004210977555938103, 0.014215134842029397, 0.002721810463365641, -0.011016949561250485
0.0247813905284742, -0.010717208713994482, 0.0032998193763530965, 0.014717974923843306, 0.0023413530666057214, -0.011677422934325474
0.02264749296204616, -0.005207784008263058, 0.0022865445928147593, 0.015050919969029821, 0.0019622379967701633, -0.012293668437987243
0.020262055796617145, 0.00047193602110219416, 0.0011761982941632485, 0.015201344581678914, 0.001605496461223532, -0.012837521954188223
0.017536305827744167, 0.006238920194453453, -1.767814920689289e-05, 0.01515871928706762, 0.0012884230335334132, -0.013278897362867472
0.01438165580794956, 0.012005077840382112, -0.0012736035695960527, 0.014914934898520913, 0.0010234233194787367, -0.013586692980277437
0.010715961908499489, 0.017678339712660005, -0.002563170418461633, 0.01446463951136604, 0.0008171538733983467, -0.013729844714700323
0.006470086939554728, 0.023163875027767268, -0.0038524421073194114, 0.013805579514053761, 0.0006700273525855373, -0.013678494698482077
0.0015943622691279033, 0.028365429684620448, -0.005103642230428575, 0.012938935758887136, 0.0005761326745080926, -0.0134052345567264
-0.003935488976278415, 0.03318677952840629, -0.006277035568561195, 0.011869644936768288, 0.0005235916270856682, -0.012886374618715129
-0.010113402080908088, 0.037533309158357245, -0.007332898021683108, 0.01060669353943375, 0.0004953428856600027, -0.012103185787685468
-0.016899395222181327, 0.04131374712055715, -0.008233469963335764, 0.009163366878552761, 0.0004703132766752006, -0.01104305917667234
-0.024217703057515916, 0.04444209803815055, -0.008944787530047706, 0.007557428639394767, 0.0004249061315471021, -0.009700528913180316
-0.03195685337278165, 0.04683979593176368, -0.00943829478503565, 0.005811200357002784, 0.00033471078025872883, -0.008078105962582632
-0.039971792569009915, 0.04843806562701243, -0.00969215683417824, 0.0039515088668492775, 0.00017631882731453113, -0.006186876277251935
-0.04808802686168171, 0.049180442650900345, -0.009692215186897028, 0.0020094734189613594, -7.087615954458734e-05, -0.004046824260171594
-0.056107612974534794, 0.0490253768648758, -0.009432549397631922, 2.0109625380884668e-05, -0.00042301773866029014, -0.001686850423231216
-0.06381671634115288, 0.04794882064613987, -0.0089156341891053, -0.0019782667990291764, -0.0008903756833369435, 0.0008555405070481144
-0.07099436389692107, 0.04594666862808207, -0.008152107554895462, -0.003944845564258831, -0.0014762772738856275, 0.0035348966837183272
-0.07742195578834399, 0.043036880005326454, -0.00716018794286625, -0.005837333463990057, -0.0021764485579683726, 0.00629882673301612
-0.08289306407858668, 0.03926109138315618, -0.005964794607397592, -0.0076131531298969865, -0.002978806098026681, 0.009089350043127728
-0.08722303317799, 0.03468552577161212, -0.004596435413847078, -0.009230792574812095, -0.003863711827665457, 0.01184456634355302
-0.09025790376696217, 0.02940101917137812, -0.003089931583706594, -0.010651252873625542, -0.0048046769957461495, 0.014500603614345011
-0.09188220629962056, 0.023522014575687988, -0.0014830487942399015, -0.011839527265696728, -0.005769477285858508, 0.016993784530843797
-0.0920252077868599, 0.017184411920837948, 0.00018489991146878088, -0.01276603360808596, -0.006721620339670863, 0.019262932117478072
-0.09066524739352788, 0.010542216198810161, 0.0018744179934714932, -0.013407913790314665, -0.007622088214102244, 0.021251715596700936
-0.08783187148302002, 0.00376300522029415, 0.0035470962115457414, -0.013750109873906418, -0.008431260538720568, 0.022910919208032798
-0.08360558672715203, -0.002977647868015939, 0.005166732724870002, -0.013786130725661597, -0.009110911304342353, 0.024200504214587623
-0.07811518941239394, -0.00950252385195366, 0.006700254788332524, -0.013518439266659266, -0.009626166644047389, 0.025091333597558572
-0.07153278408976764, -0.01563948059985741, 0.008118413278958824, -0.012958420956805109, -0.009947314799850204, 0.025566444563039862
-0.06406675142476412, -0.021228090935472885, 0.009396240545176607, -0.012125933714488573, -0.010051371980120575, 0.025621784781731653
-0.055953043344464215, -0.026125759958618117, 0.010513273333648501, -0.011048477538926984, -0.009923325837480809, 0.02526636755636305
-0.04744526572365345, -0.030212975162954753, 0.011453548886645912, -0.009760049269521544, -0.009556998273888848, 0.02452184096508528
-0.03880405968778127, -0.03339745477237385, 0.0122053923877135, -0.008299760953760345, -0.008955489614715295, 0.023421501462895854
-0.030286318645627766, -0.03561706005944317, 0.01276102888330466, -0.006710301747897707, -0.008131187536407994, 0.022008812038405257
-0.0221347772308967, -0.03684140855816571, 0.013116065347684742, -0.0050363187962441545, -0.007105346824096173, 0.0203355091988495
-0.01456847282916885, -0.03707217045222784, 0.01326889300466208, -0.0033227879828314523, -0.005907267997687196, 0.018459402018760486
-0.007774510397702609, -0.03634206985936118, 0.013220058117934724, -0.0016134433433741412, -0.004573120996023998, 0.01644197942384046
-0.001901469953598573, -0.03471266398583821, 0.012971646618634147, 5.0668227674892235e-05, -0.003144473462516739, 0.014345947355877455
0.0029453011103595475, -0.03227103446462936, 0.012526726667033132, 0.001632446748585308, -0.0016665932691207967, 0.012232814872980632
0.006706366393309927, -0.02912558185257218, 0.01188889203194151, 0.0030997649227450436, -0.00018660295556634503, 0.010160638686013993
0.009368804897551597, -0.025401157897753737, 0.011061946271996954, 0.0044262264436880265, 0.0012484311202229344, 0.00818202102456289
0.01096479622905251, -0.0212338010751, 0.010049762653535384, 0.005591639980419596, 0.0025933910100165865, 0.006342437530469146
0.01156833192347275, -0.016765354933358807, 0.00885634589117696, 0.006582209712773758, 0.0038068992916388406, 0.004678951253815939
0.011290274097340524, -0.012138238009508756, 0.007486105808963333, 0.007390460479506132, 0.00485293477778384, 0.0032193472229811327
0.010272043012618212, -0.007490600476936433, 0.00594432929273613, 0.00801492960099385, 0.005702203674135284, 0.001981700838936393
0.008678260644630011, -0.0029520579976779512, 0.004237811346631439, 0.00845966707355282, 0.00633320918672774, 0.0009743731764049636
0.006688708161410134, 0.0013598563181539565, 0.002375587154307346, 0.008733591719997142, 0.00673297587258542, 0.00019640741042724108
0.004489971680162094, 0.005342437777642998, 0.00036969758372365426, 0.008849753413271317, 0.006897399881778886, -0.0003617165801565149
0.002267152085455575, 0.008909733543922107, -0.0017640837154445296, 0.008824550117913455, 0.0068312126349687865, -0.0007170271375860362
0.00019599996744345416, 0.01199368630370882, -0.0040056371328332585, 0.00867694264854744, 0.0065475628116878305, -0.0008927742410723766
-0.0015641923966922288, 0.014544591560097206, -0.006330076138909445, 0.008427699943402554, 0.006067238668240366, -0.0009169870449567837
-0.0028766505436557377, 0.016530990151872454, -0.008707595008905977, 0.008098694999544239, 0.005417569323789521, -0.0008209531872280857
-0.003631890166301749, 0.017939120154069524, -0.011103651040675793, 0.007712259683012849, 0.004631059639351938, -0.000637695825974337
-0.00375103208223617, 0.018772037954491668, -0.013479525045728543, 0.007290598331410071, 0.0037438270661757827, -0.00040051932213395607
-0.0031875703738661392, 0.01904849942729669, -0.0157932711475138, 0.006855256056804451, 0.002793918047081346, -0.0001416854432117213
-0.0019275863378662257, 0.018801674125232704, -0.01800102864082661, 0.00642663688916653, 0.0018195855895977722, 0.0001087310726433105
1.1526129282558342e-05, 0.01807774864367571, -0.02005863365994555, 0.006023567765828753, 0.0008576098788359498, 0.0003237742228821732
0.0025836964396260464, 0.01693445981949029, -0.02192344412059633, 0.005662904831946751, -5.825805880643961e-05, 0.00048030827456377746
0.005717991322670745, 0.015439581607513997, -0.023556277958905702, 0.0053591774194373405, -0.0008986533764158452, 0.0005594866161724962
0.009323368835088766, 0.01366936740401254, -0.02492335603675667, 0.005124263944738562, -0.0016396863871572084, 0.0005469982955795245
0.013294085471400721, 0.011706924991134283, -0.025998133403797842, 0.004967095515961052, -0.002263708440659508, 0.0004331126714072321
0.017515438121356537, 0.009640483756433242, -0.02676289860633336, 0.004893387803876649, -0.0027597191604561725, 0.00021254959070582537
0.02186951400404313, 0.007561510063733705, -0.02721002478797372, 0.004905407827248105, -0.003123401912766015, -0.00011579332169686982
0.026240632579127964, 0.005562635840718315, -0.02734276940613482, 0.005001787872459097, -0.003356796962143355, -0.0005492227684129299
0.03052019141687266, 0.003735384621789641, -0.027175540374800494, 0.005177402911034684, -0.003467643539483705, -0.0010817075833250988
0.034610675256021836, 0.002167705753285556, -0.02673357542587474, 0.005423329900185016, -0.0034684420408050603, -0.0017043797544020656
0.03842865366525874, 0.000941354987582093, -0.026052019273017653, 0.005726907037819105, -0.0033753039761036446, -0.0024060489942424623
0.04190667083487449, 0.00012918017737350063, -0.025174427572103163, 0.006071909615549463, -0.003206668614237153, -0.0031737061400284616
0.04499401131238909, -0.00020761554797235496, -0.02415077042511412, 0.006438858256682853, -0.002981970957739851, -0.003992998003227488
0.0476563999471482, -2.214264840876213e-05, -0.023035041919999014, 0.006805474640539557, -0.00272034549648764, -0.004848664898028463
0.04987475778095134, 0.0007156947714840049, -0.021882600820366572, 0.007147296259074523, -0.002439444321014136, -0.005724939515683394
0.05164318616371294, 0.002017061759101345, -0.020747374566598597, 0.007438452705338329, -0.0021544377741934224, -0.006605910130322277
0.05296639010013457, 0.0038725697677115104, -0.019679063799796268, 0.007652592266181036, -0.0018772522216345942, -0.0074758525233493914
0.05385678003104773, 0.0062513342619438805, -0.018720493569482684, 0.0077639323212030115, -0.0016160829324166214, -0.008319535192747972
0.05433150601248993, 0.00910085534565992, -0.017905265414757995, 0.00774839253243334, -0.0013752002213917593, -0.00912250248848256
0.054409672922632595, 0.012347828246214557, -0.017255860832242887, 0.007584756962785845, -0.0011550452418209948, -0.009871339964761767
0.05410995648486647, 0.01589993965465676, -0.01678232515948587, 0.00725580136203674, -0.0009525910372290059, -0.01055392473536258
0.05344879203439595, 0.019648639003494683, -0.016481624012857053, 0.006749316903730551, -0.0007619269354950351, -0.011159660991075165
0.0524392492497439, 0.02347279791952148, -0.01633771887759148, 0.006058963099104698, -0.0005750108359844279, -0.011679697836248662
0.051090641849954, 0.027243097939968323, -0.01632236074449279, 0.00518489081539332, -0.0003825248269810067, -0.0121071240367694
0.04940885370480648, 0.030826926873856762, -0.01639655531202088, 0.004134090710354226, -0.00017476581720363027, -0.012437132514675377
0.04739729548247362, 0.03409352643311147, -0.016512613353293286, 0.0029204410581378307, 5.74947544419956e-05, -0.012667146151814199
0.04505834661639969, 0.03691912182057423, -0.016616668284114743, 0.0015644487706801542, 0.0003222399216476754, -0.01279689514757368
0.042395095518975155, 0.03919177473793957, -0.0166515209894868, 9.269573780120234e-05, 0.0006255703573126855, -0.012828435105844058
0.039413172305555896, 0.04081572847503059, -0.016559657511904902, -0.0014629817117394273, 0.0009712326487559265, -0.012766095362933888
0.036122471918908675, 0.041715053650467786, -0.01628627648763786, -0.0030665399207349922, 0.0013603287194011763, -0.012616349590341218
0.03253858706502395, 0.04183645305687756, -0.01578216322123218, -0.004678952757292629, 0.0017912083126073496, -0.012387605039952105
0.028683806306874487, 0.041151136277511484, -0.01500626058908226, -0.006259560951291924, 0.0022595336914260963, -0.01208991212381284
0.0245875805060549, 0.03965571909420981, -0.013927812886181518, -0.007767490811876351, 0.0027584946407763207, -0.01173460198676311
0.020286416675305986, 0.037372136858238925, -0.012527991681574716, -0.009163086128479249, 0.003279143236860142, -0.01133386622096386
0.01582321648012876, 0.03434659361466404, -0.010800947766892508, -0.010409296515438577, 0.0038108128737053128, -0.010900299133474593
0.011246130277869946, 0.03064760892138963, -0.008754267600355971, -0.01147296707594911, 0.004341585368583719, -0.010446427474879663
0.006607039757874957, 0.026363269251726624, -0.006408844154483069, -0.01232597940305669, 0.004858773021984108, -0.00998425389845764
0.0019598078321959728, 0.021597827526845855, -0.0037981991180396483, -0.012946201784567088, 0.005349388056648823, -0.009524838591875173
-0.002641558209368067, 0.01646781379566424, -0.0009673144707544772, -0.013318214548440727, 0.005800578825703584, -0.009077939785526333
-0.007144693337047794, 0.011097827480164297, 0.002028954825421042, -0.013433783307250268, 0.006200019487587208, -0.008651729479589884
-0.0115004951612756, 0.0056161884241171, 0.0051278080716411385, -0.013292059827547033, 0.006536246263047869, -0.00825259593670407
-0.015664488061612074, 0.00015063340363358563, 0.0082606827520466, -0.012899500219152791, 0.006798938358799951, -0.007885038894382265
-0.019597867051817104, -0.00517575152608758, 0.011355607114400791, -0.012269504094404322, 0.006979145800683615, -0.007551657428418152
-0.023268183913964537, -0.01024818390546344, 0.014339628830581208, -0.01142179413605911, 0.007069470209911031, -0.007253224944483397
-0.02664966878162378, -0.01496327225121499, 0.017141226536232464, -0.01038157009875511, 0.007064206747188063, -0.0069888411979477745
-0.029723211893233573, -0.01923142841200496, 0.019692615661031462, -0.009178482965811974, 0.006959454439489196, -0.006756147164031004
-0.03247605176874256, -0.022978545246905197, 0.021931866609131413, -0.007845483077445712, 0.006753198453547226, -0.006551585358971885
-0.03490122139681313, -0.026146933052464152, 0.023804760377447633, -0.0064176001139882215, 0.006445364256137166, -0.006370686927051169
-0.036996800227861344, -0.028695557662691815, 0.025266317258167543, -0.004930713191607702, 0.00603784219696686, -0.00620836773903181
-0.038765018863637486, -0.030599664955993353, 0.026281950701975035, -0.003420366710506296, 0.005534481716749246, -0.0060592180567612675
-0.040211268430260474, -0.03184990856608443, 0.02682821895066643, -0.0019206818754503676, 0.004941055433224362, -0.00591777310373641
-0.041343071239884455, -0.03245111550159901, 0.026893170051106245, -0.0004634045687115237, 0.004265193866463436, -0.005778754746057619
-0.042169068535995904, -0.03242082400764547, 0.026476301049740584, 0.0009228814949803397, 0.0035162921916479044, -0.00563727727911934
-0.04269807748532805, -0.031787713269870226, 0.02558817575833969, 0.0022133592531155604, 0.0027053918492207212, -0.005489012891676407
-0.04293826847017753, -0.03059002653266431, 0.024249760432760687, 0.003387393646856358, 0.0018450414142835918, -0.005330314748792957
-0.04289651659210421, -0.028874074610523343, 0.022491540363279706, 0.004428760187915869, 0.0009491413093985473, -0.0051582979239336866
-0.04257798390279233, -0.026692891232955197, 0.02035247741010109, 0.005325697883922927, 3.277489472054174e-05, -0.004970880455126081
-0.04198598459178864, -0.024105087744205642, 0.01787886424192304, 0.0060708055073773765, -0.0008879751154689258, -0.004766788140471954
-0.04112217066166391, -0.021173924266131336, 0.015123125333064853, 0.006660805541571847, -0.0017962293589284114, -0.004545527190306837
-0.03998705231800167, -0.017966588323830364, 0.012142604671457653, 0.007096202880719957, -0.002674539914587322, -0.00430732914122883
-0.03858083964982058, -0.014553656471830703, 0.008998366031055813, 0.007380867336157669, -0.003505149949681454, -0.0040530734660683305
-0.03690456438434572, -0.011008703317360577, 0.0057540182239276105, 0.007521571482813043, -0.0042702898099811265, -0.0037841952199733917
-0.03496141592210882, -0.007408005398292584, 0.0024745682352733485, 0.007527517097597683, -0.0049525131914098875, -0.003502586596955088
-0.03275820456155569, -0.003830264490304288, -0.000774702241980119, 0.007409882086204951, -0.005535076396293669, -0.003210501063051423
-0.030306844267983378, -0.00035625552415261046, -0.003929348682251674, 0.007181414647834074, -0.0060023622809837794, -0.0029104669431054887
-0.02762572929417312, 0.002931704284207504, -0.0069268798799746074, 0.006856093480630842, -0.006340346271578942, -0.002605215197281367
-0.02474087112858179, 0.005950565703992793, -0.009707890607886651, 0.0064488631838760775, -0.006537094753090411, -0.0022976241785521694
-0.021686669633800885, 0.008617724270376464, -0.012217212711725038, 0.005975443283207393, -0.0065832783877871805, -0.0019906819463584987
-0.01850621234544866, 0.010852624895090104, -0.014405074318922947, 0.005452198238446687, -0.006472676402501933, -0.0016874637818877997
-0.015251024583393148, 0.01257881647568836, -0.01622824541964968, 0.004896045724378018, -0.0062026431779414175, -0.0013911191594840337
-0.01198022956753635, 0.013726428467157404, -0.017651137351840363, 0.004324373213376563, -0.005774505749519548, -0.0011048594559192348
-0.00875912245270614, 0.014234986433952245, -0.018646813177425624, 0.0037549300849206487, -0.005193860680922955, -0.0008319360917842834
-0.0056572120290485405, 0.014056432582776368, -0.01919785725976469, 0.0032056646455823675, -0.004470741961426525, -0.0005755989171140357
-0.002745830925763047, 0.013158177179818925, -0.019297049056244728, 0.0026944816669816217, -0.003619638119747396, -0.00033902613580607193
-9.545012095531606e-05, 0.01152598041756349, -0.018947789771977964, 0.0022389051249030734, -0.002659345445103678, -0.0001252197345787001
0.0022271486750327345, 0.009166452708150342, -0.018164238586184402, 0.0018556420966282705, -0.0016126535287575674, 6.31355261954912e-05
0.004161687416959882, 0.006108966048150656, -0.016971124359974745, 0.0015600564239368986, -0.0005058684404218217, 0.00022384615937769825
0.005657047955363169, 0.002406789754673172, -0.01540320917700998, 0.0013655730061914067, 0.000631812705793491, 0.0003554080179409389
0.006673644287233337, -0.0018627035401630823, -0.013504394624097492, 0.001283043747931033, 0.0017690548855630887, 0.0004572145393259512
0.007185409121338984, -0.006598875251590788, -0.01132648172416972, 0.0013201139180261023, 0.0028732397393400797, 0.0005297577998399159
0.007181318020834261, -0.011679765593641934, -0.008927619278328741, 0.0014806332817576004, 0.003911391864997033, 0.0005748030531074893
0.006666397949145122, -0.01696514701637764, -0.006370500718050382, 0.00176415911751558, 0.004851145427423844, 0.0005955175509364597
0.005662189371427126, -0.022300614201850394, -0.0037203937434734384, 0.0021655965971365213, 0.00566171973099092, 0.0005965370867948454
0.004206652542806162, -0.027522566953678124, -0.0010431052607658441, 0.0026750154978737156, 0.006314874017803276, 0.0005839584718700595
0.0023535283744655247, -0.03246388541275067, 0.00159700957079388, 0.003277672109875652, 0.006785814556631343, 0.0005652518535835478
0.00017118091714463083, -0.03696005674626432, 0.0041388943753667504, 0.003954253325200939, 0.007054030399800055, 0.0005490923016025622
-0.002259038827393225, -0.04085548254986458, 0.006526417144262225, 0.004681347106903481, 0.0071040372058711115, 0.0005451150358795771
-0.004844859399408893, -0.04400967351072868, 0.008709725566674357, 0.005432129762954932, 0.006926010770989478, 0.0005636031707465211
-0.007485531945714814, -0.046303027924150614, 0.010646310249588278, 0.006177245983410634, 0.006516293426849908, 0.0006151209121334264
-0.010074592949039049, -0.04764190180640559, 0.012301773838681711, 0.006885844030526062, 0.00587775747946038, 0.0007101083691465589
-0.012502888110419028, -0.04796271084602133, 0.013650317382469314, 0.0075267180071929085, 0.00502001037133566, 0.0008584559738197999
-0.014661798530460318, -0.04723484697821331, 0.014674966210417228, 0.008069502660281431, 0.0039594259999655105, 0.0010690771032169216
-0.01644660873768092, -0.04546223455302273, 0.015367567472453648, 0.008485862097188648, 0.002718985797988765, 0.0013494980965859636
-0.017759948162367527, -0.04268339992671179, 0.015728595473682147, 0.008750610176798767, 0.0013279133787106603, 0.0017054861983202465
-0.018515221114598312, -0.03897000312576138, 0.015766793775036602, 0.008842699172437397, -0.0001789095702801097, 0.002140736426780874
-0.0186399190197262, -0.0344238856472868, 0.015498668894148184, 0.008746019975277991, -0.0017617495300335986, 0.00265663547042434
-0.01807868817648792, -0.02917280189705996, 0.014947842116396888, 0.008449973106700532, -0.0033770403797258593, 0.003252114721631474
-0.016796011238745096, -0.02336509471644265, 0.014144269951898459, 0.00794978923880556, -0.004978593261221754, 0.003923598559270275
-0.014778356338696912, -0.017163637389487358, 0.013123352570854356, 0.007246594703800068, -0.006518963001563857, 0.004665049614397138
-0.012035658291971911, -0.010739396451859593, 0.01192495405038334, 0.006347231913638253, -0.007950927321309762, 0.0054681083986828725
-0.008602020608732507, -0.004264967313746295, 0.01059235912490156, 0.005263858843641792, -0.009229027065334284, 0.006322318989509097
-0.004535561033796249, 0.0020916038029364908, 0.009171191136965868, 0.00401336359430747, -0.010311109368389726, 0.007215427062687635
8.263650200640887e-05, 0.00817245744435615, 0.007708312595846065, 0.0026166361808482473, -0.011159811817641377, 0.008133733788324209
0.005150457600313678, 0.013834822260380202, 0.006250721986316566, 0.0010977409545957825, -0.011743925357531614, 0.00906248896941102
0.010547532640553553, 0.018955035355391687, 0.004844452989297803, -0.0005169672773620345, -0.012039577205350541, 0.009986307620383791
0.01613876507929756, 0.023431587382277748, 0.0035334799214377676, -0.0021997413596621454, -0.012031181639095011, 0.010889594946762806
0.02177849271805294, 0.02718715009406631, 0.0023586365393749166, -0.0039223150330356515, -0.011712115134232318, 0.011756965468724019
0.027315131652588392, 0.030169591450697367, 0.0013565634642290299, -0.005656717295541451, -0.011085082841303866, 0.012573642932582042
0.03259612665289931, 0.03235202370063008, 0.0005587112437974619, -0.007375999327720371, -0.010162156349005826, 0.013325828594759042
0.03747301548946196, 0.03373196666402925, -9.562877119015456e-06, -0.009054850635485933, -0.008964477431263163, 0.014001026640732625
0.041806412490972215, 0.03432974039212349, -0.00032976295550651803, -0.010670087162905658, -0.007521636856784762, 0.014588317235019127
0.04547072527948183, 0.03418622084708034, -0.0003908524015725152, -0.01220100148739766, -0.0058707496777171035, 0.015078569865456352
0.048358431056975286, 0.033360098817819456, -0.00018965883120597603, -0.01362957244181843, -0.004055258821245165, 0.015464591893795765
0.0503837509471403, 0.031924786151150776, 0.000268930298875708, -0.014940538021787518, -0.0021235082439832664, 0.01574120985570295
0.051485573901055064, 0.029965119022817257, 0.0009719973029721744, -0.016121342568954894, -0.00012713609588165643, 0.015905284827299887
0.05162950017829947, 0.02757400529514293, 0.0018988663210484447, -0.017161977427589098, 0.0018806527077830097, 0.01595566766969751
0.05080890295698365, 0.02484914271984692, 0.0030216292449811166, -0.018054741274548997, 0.00384686747742934, 0.015893103072737107
0.049044945753430214, 0.021889903386913625, 0.004305923226608779, -0.01879394962313781, 0.005720494506304552, 0.01572009141335811
0.046385539967780005, 0.01879445088601708, 0.005711941324651635, -0.019375622804292433, 0.007454168393077367, 0.015440715338268275
0.04290327894155033, 0.01565713421789384, 0.007195643602056636, -0.01979717985420311, 0.009005680310270258, 0.015060435779492303
0.03869244257603863, 0.012566182631392267, 0.008710123416193523, -0.02005716262043404, 0.01033925661606332, 0.014585860770024682
0.033865227366050354, 0.009601709276674928, 0.010207071607522534, -0.020155008980314856, 0.011426551243449497, 0.014024489545423168
0.028547411353944046, 0.006834026988834115, 0.011638272389993435, -0.020090886525226434, 0.012247311357929625, 0.013384434027271179
0.022873698860531356, 0.004322289964597733, 0.012957064965000653, -0.019865590919641542, 0.012789696729085129, 0.012674121172175623
0.0169829974442288, 0.0021134903022231983, 0.01411971653049984, -0.019480508825481944, 0.013050256033855135, 0.01190198399060649
0.011013860622897149, 0.00024184212434772277, 0.015086668486980617, -0.018937643450234787, 0.013033584405806738, 0.011076155524643328
0.00510029201625083, -0.0012714278833740958, 0.015823628614477406, -0.01823969889831141, 0.012751703494126035, 0.01020418617967988
-0.0006319420956300756, -0.0024178875258374978, 0.01630248667127943, -0.017390215844703433, 0.012223216997862536, 0.00929280812531608
-0.006068396839596363, -0.00320132752753539, 0.016502035163369774, -0.01639374637408833, 0.011472300988356485, 0.008347770058961127
-0.011108382718219149, -0.0036368486340379435, 0.016408483766310364, -0.015256052074816891, 0.010527589779238011, 0.0073737615426387165
-0.015666742048433994, -0.0037496557063041013, 0.016015762880494375, -0.01398430753252494, 0.009421015295683201, 0.006374438727228439
-0.01967498999842686, -0.0035736160066527443, 0.015325617386528526, -0.012587290896806687, 0.008186651477835906, 0.005352553421798934
-0.023081864512692726, -0.0031496405119701546, 0.014347495941863072, -0.011075544142054432, 0.0068596061067191915, 0.004310176987838503
-0.025853345864405772, -0.0025239401121229196, 0.01309824412585624, -0.009461488563292575, 0.005474992038581947, 0.0032490016266602684
-0.02797221704107252, -0.0017461997441882138, 0.011601611900912927, -0.007759485733130526, 0.004066999843232651, 0.0021706956063050164
-0.029437240160683865, -0.0008677102594317635, 0.009887588583886608, -0.005985839078034553, 0.0026680851420783297, 0.0010772860399959404
-0.030262021574193068, 6.049871738504724e-05, 0.007991582014681933, -0.004158734912878703, 0.0013082766473142388, -2.8457404915809682e-05
-0.030473629876729982, 0.000989474401426153, 0.005953461132494586, -0.002298123983041083, 1.460545753414981e-05, -0.001142662750181002
-0.03011101984237191, 0.0018740457907116001, 0.003816481353781334, -0.00042554582498973055, -0.0011893465894211486, -0.0022600421424920237
-0.029223306119962204, 0.0026743500938234085, 0.0016261120042191197, 0.0014361015932426336, -0.0022837818099875613, -0.003373644356614628
-0.027867926500995274, 0.0033571069993687426, -0.0005712102843021287, 0.003262846277035518, -0.0032529061283799467, -0.0044746919051229595
-0.026108736253093488, 0.0038965710622671087, -0.0027293666904005033, 0.005029983212433985, -0.004085034490630615, -0.005552520444094551
-0.02401408010879966, 0.004275110202955916, -0.00480383254035078, 0.006712476521697737, -0.004772585957842426, -0.006594635968076205
-0.02165489124345369, 0.004483383024835649, -0.006752896333163089, 0.008285425981582257, -0.005311975754019134, -0.007586900643111395
-0.019102862736586984, 0.004520110038754678, -0.008538783513161974, 0.009724597845402937, -0.00570341421548265, -0.008513852083312129
-0.01642872968061619, 0.004391457898309041, -0.010128658061975097, 0.011007017038090225, -0.0059506237787138126, -0.009359154588599176
-0.013700694721021976, 0.004110090894644367, -0.011495475718653388, 0.012111614047785007, -0.006060486307017476, -0.010106173241974522
-0.010983025445323003, 0.0036939813389009362, -0.012618655845234418, 0.013019911946732788, -0.006042635084349684, -0.010738651441761334
-0.00833484382705835, 0.0031650862498958823, -0.01348453644072409, 0.013716727893110119, -0.005909007550825111, -0.011241461202244092
-0.005809115576195492, 0.002547986053154063, -0.014086585293146643, 0.014190854615814671, -0.0056733748949940755, -0.011601387142340354
-0.0034518352490819954, 0.0018685632665145714, -0.0144253564067417, 0.0144356836367904, -0.005350862847221271, -0.011807900784755564
-0.0013013951137867078, 0.0011527920146740273, -0.014508198872129062, 0.014449730616408318, -0.004957475005429212, -0.011853879720877125
0.0006118759757886533, 0.0004257020833531337, -0.014348742632973801, 0.014237021461671929, -0.00450962638337456, -0.011736225040905615
0.0022660118603818474, -0.00028944230887431854, -0.013966199503367902, 0.01380729769553329, -0.004023691868095138, -0.011456331484868744
0.003647543491019132, -0.0009717440601549226, -0.013384524319753247, 0.013176004816856537, -0.0035155735903857465, -0.011020369821264826
0.0047514534992584255, -0.0016030784000902643, -0.012631479454793622, 0.012364038533470517, -0.0030002932544424417, -0.010439349963294018
0.0055809265415833476, -0.0021683372509059113, -0.011737639260786581, 0.011397238226242815, -0.0024916189346116512, -0.009728944901982653
0.0061468654672959385, -0.0026555494412378307, -0.010735362491247723, 0.010305632462544434, -0.002001739406626841, -0.00890906852978782
0.006467146135432341, -0.0030559112402164107, -0.009657752980273207, 0.00912245705061755, -0.0015410021212174196, -0.008003214406439542
0.006565602015777588, -0.0033637575841999477, -0.008537625917233366, 0.007882981458537292, -0.0011177321509548293, -0.007037577292498242
0.0064707637475980885, -0.0035764976095088224, -0.007406501942635776, 0.006623193441552582, -0.0007381464684472805, -0.0060399946408466335
0.006214416475069424, -0.0036945286386343814, -0.006293661162649417, 0.0053784039707271795, -0.0004063693568660618, -0.005038760790879417
